   3.5383689e+00  -1.5746313e-03   2.0486154e-02
   3.3599130e+00   1.1053470e+00  -7.0042308e-02
   2.6608678e+00   2.0576061e+00  -1.7020501e-02
   1.9984623e+00   2.8634062e+00   1.7046251e-01
   9.8390796e-01   3.1645933e+00   1.6739104e-01
   1.6633350e-01   3.2032668e+00   4.9587666e-02
  -5.7660446e-01   3.1007542e+00  -9.6164139e-02
  -1.2853969e+00   2.5444804e+00   1.5540763e-01
  -1.8161368e+00   2.4090879e+00  -1.7080579e-01
  -2.1215828e+00   2.0062089e+00   8.9056029e-03
  -2.4203141e+00   1.6778037e+00   5.7240065e-02
  -2.2594654e+00   1.3712299e+00   1.2520401e-01
  -2.2312374e+00   1.2554863e+00   1.9733252e-01
  -2.4752995e+00   1.2065222e+00   1.7771318e-01
  -2.2839732e+00   1.4804816e+00  -3.4421647e-02
  -2.2186311e+00   1.6480076e+00  -3.7228587e-02
  -1.9589816e+00   2.0272759e+00   1.2434620e-01
  -1.5917321e+00   2.3926020e+00   8.2638981e-02
  -1.1668523e+00   2.7965225e+00  -1.0827365e-01
  -7.2069724e-01   2.9502535e+00   2.3205509e-02
   1.6893679e-01   3.0893629e+00  -3.0954341e-02
   1.0410594e+00   3.1411427e+00   1.2092563e-01
   1.9828636e+00   2.6734256e+00   1.5714549e-01
   2.8165732e+00   2.0841826e+00   1.1037082e-01
   3.0911632e+00   1.1552945e+00  -2.8617955e-02
   3.2946390e+00  -1.6332773e-01   2.1432079e-02
   3.3648519e+00  -1.0724461e+00   5.7741909e-02
   2.7338402e+00  -2.2014847e+00  -2.7971225e-02
   1.9884549e+00  -2.8522632e+00   1.4862324e-01
   1.0938244e+00  -3.1250133e+00  -2.9142944e-02
   1.1325441e-01  -3.2564711e+00   4.8014194e-02
  -5.0561661e-01  -3.0080270e+00  -2.4543521e-01
  -1.1796592e+00  -2.6969638e+00   6.7723648e-02
  -1.8615178e+00  -2.2836253e+00  -5.9378546e-02
  -1.8481958e+00  -2.0985149e+00   1.5429701e-01
  -2.2023581e+00  -1.7085619e+00   8.5668894e-02
  -2.1862320e+00  -1.5753215e+00   6.6066295e-02
  -2.4569938e+00  -1.2529938e+00   2.2445715e-01
  -2.3128429e+00  -1.4411041e+00   1.3339596e-01
  -2.3815966e+00  -1.4015609e+00   3.7441950e-02
  -2.2120908e+00  -1.6637412e+00  -1.5239676e-01
  -2.0077372e+00  -2.2564775e+00  -3.2084502e-02
  -1.8843848e+00  -2.3820465e+00  -8.9982443e-02
  -1.0747072e+00  -2.8221877e+00  -1.5170011e-01
  -6.6195461e-01  -3.0209039e+00  -8.4138772e-03
   1.9136685e-01  -3.1061962e+00  -5.3576955e-02
   1.1818408e+00  -3.1897446e+00   3.1664049e-02
   1.7177903e+00  -2.8364133e+00  -3.0830739e-02
   2.8337957e+00  -1.9496572e+00  -2.0348535e-01
   3.2415405e+00  -1.2026325e+00  -5.9701586e-02
   3.3422121e+00  -8.4980204e-02   1.9762844e-02
   3.5620147e+00  -1.2212078e-02   3.0683965e-02
   3.5664631e+00   4.1892752e-01  -2.6229806e-02
   3.2160618e+00   7.8254580e-01  -1.2428281e-02
   3.0408456e+00   1.2976361e+00  -8.2951692e-02
   2.8525504e+00   1.5037918e+00   2.4712198e-02
   2.7401710e+00   1.8375580e+00  -1.1424174e-01
   2.4223157e+00   2.0237038e+00  -1.2349141e-01
   2.0487601e+00   2.2580299e+00   9.7379406e-02
   1.8221464e+00   2.1762419e+00  -1.4506177e-01
   1.7060082e+00   2.3013201e+00   3.7277002e-02
   1.6230017e+00   2.4527624e+00   5.9523027e-02
   1.5443693e+00   2.3130966e+00  -1.1763015e-01
   1.4177785e+00   2.3141655e+00   5.9598342e-02
   1.4188536e+00   2.3587019e+00   7.6086662e-02
   1.3090051e+00   2.2748693e+00  -2.2703777e-02
   1.6244327e+00   2.3620860e+00  -5.2411336e-02
   1.6464543e+00   2.3599179e+00  -1.5170487e-01
   1.7455671e+00   2.3105771e+00   2.8481637e-02
   2.1103986e+00   2.1673424e+00   2.8319218e-01
   2.4434877e+00   2.1837777e+00   1.5805045e-01
   2.7699764e+00   1.7922670e+00   7.3345345e-02
   3.0178509e+00   1.6092760e+00  -5.8163310e-03
   3.1782135e+00   1.0268419e+00  -1.2833848e-01
   3.3392314e+00   6.6482845e-01   5.1749616e-02
   3.3580092e+00   3.6338594e-01  -7.0620611e-02
   3.4744150e+00   6.1653087e-02  -4.9597587e-02
   3.5579342e+00  -5.0607716e-01  -5.8567276e-02
   3.2016455e+00  -7.4680368e-01  -5.5323702e-02
   3.0604707e+00  -1.4274066e+00  -2.5751753e-01
   2.9175351e+00  -1.4892147e+00  -6.0479329e-02
   2.7237256e+00  -1.7693576e+00   2.7300690e-02
   2.4232432e+00  -2.1036977e+00   5.2778826e-03
   2.4122588e+00  -2.3062990e+00  -1.2768975e-01
   1.8170330e+00  -2.1215650e+00   3.0940560e-03
   1.3945352e+00  -2.1430772e+00   1.8094506e-01
   1.6414232e+00  -2.4017813e+00   1.0395228e-01
   1.1982360e+00  -2.4116441e+00   2.5874578e-02
   1.4693101e+00  -2.1722389e+00  -3.0391250e-03
   1.5042167e+00  -2.3596595e+00   3.8100844e-02
   1.4284187e+00  -2.0958553e+00  -1.3308958e-01
   1.5430406e+00  -2.3168171e+00  -1.8792791e-01
   1.7893147e+00  -2.2492566e+00   2.0085408e-02
   2.0333044e+00  -2.2247600e+00  -2.3584010e-01
   2.0490964e+00  -2.1243916e+00  -1.7038121e-01
   2.2824437e+00  -2.0269360e+00   8.3894699e-02
   2.6862096e+00  -1.8666249e+00   6.9396787e-02
   2.8706978e+00  -1.7762576e+00  -5.5040939e-02
   3.1774772e+00  -1.2240438e+00  -8.8338417e-02
   3.4506518e+00  -7.5002712e-01   1.0120038e-01
   3.4804839e+00  -3.5625110e-01   6.7298034e-02
   3.4892221e+00  -7.8611022e-02  -6.9420737e-02
   3.5214110e+00  -4.2401673e-02  -8.7306297e-03
   3.3166949e+00   1.0292980e+00   1.3267807e-02
   3.0032067e+00   1.7108760e+00   2.4626381e-02
   2.5415763e+00   2.4151112e+00  -1.1397470e-02
   1.7431062e+00   2.9159160e+00   1.1769698e-01
   1.3801704e+00   3.1251895e+00  -3.4302347e-02
   6.3160021e-01   3.2602745e+00  -3.0951118e-02
   1.5414260e-01   3.3792660e+00  -1.4680182e-01
  -5.4660726e-01   3.2942981e+00  -6.2064087e-02
  -7.4837034e-01   3.3308263e+00   4.5257216e-03
  -1.1492556e+00   3.0223763e+00   6.1783346e-02
  -1.3283806e+00   3.0075280e+00   7.9003198e-02
  -1.3512109e+00   2.7815394e+00  -3.2066317e-02
  -1.4546936e+00   2.7298706e+00  -2.2200353e-02
  -1.2790853e+00   3.1415103e+00  -2.0712894e-03
  -1.2401625e+00   2.9765358e+00  -7.2014785e-02
  -7.9635906e-01   3.3676498e+00  -8.4930903e-02
  -3.6056151e-01   3.4699248e+00   1.0118972e-01
   9.7766181e-02   3.4333832e+00   3.3300382e-02
   6.0889366e-01   3.3259439e+00  -6.3362578e-02
   1.3361789e+00   3.2407734e+00  -8.8627965e-02
   1.8714648e+00   2.8415738e+00  -1.1421731e-01
   2.5663166e+00   2.3240077e+00   1.9870896e-01
   2.8297549e+00   1.9011927e+00  -2.1313065e-02
   3.4051973e+00   6.2100038e-01   2.2463579e-01
   3.4159756e+00   7.3891131e-02  -3.9701088e-02
   3.3917251e+00  -9.2487895e-01  -4.3798829e-02
   3.1368838e+00  -1.6869657e+00  -2.7474574e-02
   2.3921627e+00  -2.5245175e+00   3.2515332e-03
   1.9521882e+00  -3.0531998e+00  -1.7359542e-01
   1.1229219e+00  -3.1588183e+00   9.6712456e-02
   7.3922564e-01  -3.4185070e+00   1.3784479e-01
  -1.0830251e-02  -3.3896609e+00   1.2178732e-02
  -4.9040525e-01  -3.1936828e+00  -5.8108733e-02
  -9.5533402e-01  -3.1195143e+00  -3.7967325e-02
  -1.2099887e+00  -3.0412117e+00   9.4038049e-02
  -1.2211072e+00  -2.8118837e+00  -1.4651308e-01
  -1.5082983e+00  -2.7458288e+00  -1.1456507e-01
  -1.5484530e+00  -2.8573479e+00   9.8145097e-02
  -1.2607403e+00  -2.7552665e+00  -1.1087595e-01
  -1.1547530e+00  -3.0667767e+00  -9.3978130e-02
  -9.3078467e-01  -3.2433669e+00  -2.0714452e-02
  -4.2451382e-01  -3.1360630e+00  -1.1071850e-01
  -1.9751552e-02  -3.3176946e+00  -3.4505768e-02
   5.2962414e-01  -3.3204695e+00  -3.2850032e-03
   1.2486986e+00  -3.0634735e+00  -1.3653614e-01
   2.0474243e+00  -2.9672899e+00   1.1580066e-01
   2.6895315e+00  -2.1617280e+00  -1.3539761e-01
   3.2210950e+00  -1.5507353e+00  -2.3142042e-02
   3.2842796e+00  -6.8186573e-01  -6.8603558e-03
   3.5056035e+00   5.8433709e-02  -1.5298250e-01
   3.4978605e+00  -1.1055711e-01  -1.9216432e-01
   3.3708401e+00   2.0904832e-01   7.4424258e-02
   3.3641657e+00   4.7222862e-01   5.6469322e-02
   3.4977859e+00   4.6745251e-01   9.2290299e-02
   3.2932379e+00   6.6782475e-01   5.8086904e-02
   3.3443803e+00   9.4398993e-01   5.3022104e-03
   3.1001838e+00   1.0279057e+00  -1.5258424e-01
   3.1047586e+00   1.0689395e+00   3.1711184e-02
   3.0920261e+00   1.1217129e+00   6.4842446e-02
   2.9689985e+00   1.2367841e+00  -8.2910255e-02
   2.9424009e+00   1.4383483e+00  -2.7201865e-02
   3.0076089e+00   1.4561383e+00   6.5390904e-02
   2.8453827e+00   1.3399647e+00   1.7266574e-01
   3.0072181e+00   1.5407906e+00  -7.2782306e-02
   3.0429585e+00   1.3476353e+00   5.0572524e-02
   3.1653423e+00   1.2526890e+00   3.2211526e-02
   3.0142822e+00   1.4070354e+00  -1.1748832e-02
   2.9242387e+00   1.2837770e+00  -5.5759986e-02
   3.1646002e+00   1.2288950e+00  -1.2722439e-01
   2.9423597e+00   1.0471165e+00   3.6280962e-02
   3.1772580e+00   9.7097131e-01   2.9942558e-02
   3.6014234e+00   6.7147000e-01  -4.0098578e-03
   3.4079821e+00   5.1162536e-01   1.8596924e-02
   3.3644713e+00   4.8378061e-01   3.0427844e-02
   3.4801260e+00   6.7122825e-02  -5.0304861e-02
   3.3605768e+00  -1.0122199e-02  -9.6037997e-02
   3.3609781e+00  -1.8995400e-01   1.5995429e-01
   3.5150264e+00  -3.7080338e-01   1.1062219e-01
   3.3187372e+00  -7.7433127e-01   1.8087176e-02
   3.4168518e+00  -8.4125803e-01   2.6352708e-01
   3.4744624e+00  -8.2193025e-01  -4.0732794e-02
   3.3246335e+00  -9.8434267e-01   9.2482809e-02
   3.0328030e+00  -1.1915551e+00   4.6012593e-02
   2.9994285e+00  -1.3707970e+00  -2.7866193e-02
   3.0808870e+00  -1.3029157e+00   6.6796922e-02
   2.8700160e+00  -1.3674234e+00  -9.6824708e-02
   2.8586732e+00  -1.2903131e+00  -9.3708701e-02
   2.9457728e+00  -1.3835337e+00   4.9787914e-02
   3.0681405e+00  -1.5378323e+00  -3.6946926e-02
   2.9445804e+00  -1.3075234e+00   1.8012732e-01
   3.1291222e+00  -1.3243473e+00   1.1008611e-01
   3.0645082e+00  -1.1023559e+00   3.0313825e-02
   3.0691751e+00  -1.1383165e+00   1.3428364e-01
   3.1693679e+00  -1.0175920e+00   8.7824103e-03
   2.9320629e+00  -9.7064854e-01   3.3138712e-02
   3.3467310e+00  -9.0204040e-01  -6.5299681e-03
   3.3267305e+00  -7.9874298e-01  -9.1200909e-02
   3.2122777e+00  -4.6606172e-01  -5.7178596e-02
   3.5434275e+00  -5.0179680e-01  -1.7474763e-02
   3.4106699e+00  -1.8705150e-01   2.7076876e-02
   3.3011590e+00  -1.0168281e-03  -1.9525387e-02
   3.3173843e+00  -8.7206029e-02  -1.5294266e-01
   3.2315560e+00   9.2777449e-01   7.4310353e-03
   2.8989030e+00   1.6474827e+00   1.8160783e-01
   2.3747814e+00   2.4690840e+00   1.7909816e-01
   1.8276538e+00   3.0468711e+00   8.1987570e-02
   1.0903659e+00   3.3207794e+00  -1.4794945e-01
   4.2309909e-01   3.4272914e+00   9.6289272e-02
  -2.7793797e-01   3.3531884e+00  -4.3105558e-02
  -7.1090883e-01   3.1215091e+00  -2.4647045e-01
  -1.1780432e+00   3.1009410e+00  -6.3205077e-02
  -1.5631151e+00   3.0397010e+00   3.7781780e-02
  -1.7992355e+00   2.8455345e+00   1.2310244e-01
  -1.7435790e+00   2.8014065e+00   6.9723251e-03
  -1.7264805e+00   2.9106363e+00   5.7468066e-02
  -1.4332422e+00   2.7667904e+00  -5.7066438e-02
  -1.3814840e+00   3.0851568e+00  -7.1825110e-02
  -1.3229858e+00   3.2731286e+00  -1.0914015e-01
  -7.9875427e-01   3.1635130e+00   6.0911769e-02
  -2.7988803e-01   3.1934177e+00   1.6815347e-02
   3.3452112e-01   3.4347965e+00   4.0775753e-02
   1.0586584e+00   3.3164989e+00  -4.3093623e-02
   1.6611486e+00   3.0764279e+00  -8.7962105e-02
   2.3569613e+00   2.4154897e+00  -1.4086691e-01
   3.1194144e+00   1.6244423e+00  -5.0730097e-02
   3.4326963e+00   9.8782562e-01  -1.4614280e-02
   3.4073940e+00  -4.6891914e-02  -7.3984043e-02
   3.3898104e+00  -9.7856578e-01   1.6025605e-01
   2.9742178e+00  -1.8221853e+00  -1.4160276e-01
   2.4121827e+00  -2.5426377e+00  -8.1503824e-02
   1.5878251e+00  -3.0080367e+00   2.2646795e-02
   1.0645712e+00  -3.2349500e+00   2.0124617e-02
   4.1497535e-01  -3.3474385e+00   4.7909547e-02
  -2.4445780e-01  -3.2694763e+00   8.6733461e-02
  -7.1030366e-01  -3.3386903e+00   4.5808234e-02
  -1.3157005e+00  -3.1090620e+00  -1.2655213e-01
  -1.4923239e+00  -2.8461106e+00  -3.8856775e-02
  -1.5157599e+00  -2.7361271e+00  -2.4435570e-01
  -1.8417326e+00  -2.8698924e+00  -2.4684483e-02
  -1.6489027e+00  -2.7083896e+00  -6.6099377e-02
  -1.6704943e+00  -2.9864624e+00  -8.8492179e-02
  -1.4457164e+00  -3.0362466e+00   4.3400151e-02
  -1.1838624e+00  -2.9466306e+00  -6.2077568e-02
  -6.7577376e-01  -3.3004122e+00  -8.0395433e-02
  -1.7765376e-01  -3.3566014e+00   1.1940201e-01
   2.7714424e-01  -3.4473826e+00   1.4349808e-03
   1.1470432e+00  -3.3430203e+00   2.5758987e-02
   1.7167965e+00  -2.9755311e+00  -4.4465538e-02
   2.4194692e+00  -2.3556132e+00  -1.7868051e-01
   3.0524596e+00  -1.9077111e+00   6.7339673e-02
   3.3298912e+00  -9.6855821e-01   1.2564089e-01
   3.4566183e+00   4.7118729e-02  -9.8922896e-02
   3.4509679e+00   6.3157944e-03   7.9816483e-02
   3.5652776e+00   2.7831682e-01  -2.3788335e-03
   3.4662132e+00   4.4165878e-01  -5.0154579e-02
   3.3917251e+00   7.9472901e-01  -2.1565244e-02
   3.2795353e+00   9.0994461e-01   4.6419064e-01
   3.0964489e+00   1.0875493e+00   1.9729563e-03
   3.1685712e+00   1.4349923e+00   5.9722735e-02
   3.1469397e+00   1.5620423e+00   1.8350611e-01
   2.9808269e+00   1.5548269e+00  -1.8129539e-01
   3.0053636e+00   1.4752679e+00   2.9485411e-02
   2.8338971e+00   1.6859380e+00  -9.7127369e-02
   2.6211617e+00   1.6037913e+00  -8.1778216e-02
   2.6291961e+00   1.7473486e+00   2.1816361e-02
   2.6510868e+00   1.8293362e+00  -1.0646536e-01
   2.8560864e+00   1.6917988e+00  -1.1952702e-01
   2.8859121e+00   1.8087615e+00   2.0473911e-02
   2.8049344e+00   1.7619301e+00  -1.6832178e-01
   2.9217718e+00   1.4278882e+00  -3.8774835e-02
   2.9312091e+00   1.3849888e+00   3.5788931e-02
   3.1750966e+00   1.4078483e+00  -2.8276913e-02
   3.3267230e+00   1.3105999e+00  -1.1728057e-01
   3.2285481e+00   9.8442275e-01   6.1430316e-02
   3.5530632e+00   7.4451722e-01   2.2143371e-02
   3.5498571e+00   5.0991523e-01  -1.2042796e-01
   3.3345606e+00   4.4094596e-01  -1.6241755e-01
   3.2827211e+00  -1.5831070e-01   2.6625940e-01
   3.3866253e+00  -3.0691431e-01  -1.1535446e-01
   3.4857978e+00  -4.1267652e-01  -1.1969655e-01
   3.2710331e+00  -7.8923930e-01   1.8778694e-01
   3.4000498e+00  -1.1036431e+00   3.7147951e-03
   3.2169105e+00  -1.2044632e+00   1.0556278e-01
   3.2045886e+00  -1.1605201e+00  -8.3100379e-02
   3.3257360e+00  -1.4404247e+00  -2.0627374e-01
   2.8557064e+00  -1.5331904e+00  -1.9831567e-01
   2.9601022e+00  -1.4278658e+00   1.8728172e-02
   2.6782282e+00  -1.7837593e+00  -2.0031086e-03
   2.8124877e+00  -1.8271587e+00  -1.7365206e-01
   2.6998813e+00  -1.9738545e+00   5.4106954e-02
   2.6414280e+00  -2.0245395e+00  -8.1992387e-02
   2.8077659e+00  -1.7967036e+00   4.9273195e-02
   2.9377966e+00  -1.7296335e+00   8.7819224e-02
   2.9155950e+00  -1.8136869e+00   1.9849256e-02
   3.1232315e+00  -1.6649174e+00   6.2356240e-02
   3.0022358e+00  -1.3650987e+00  -4.9203198e-02
   3.0940872e+00  -1.1833057e+00  -9.9460568e-02
   3.3671417e+00  -1.1194208e+00  -8.1604906e-02
   3.4985575e+00  -9.5967347e-01   1.1807146e-02
   3.4508896e+00  -6.7546000e-01  -1.3132018e-01
   3.5556746e+00  -5.8690726e-01  -6.2983516e-03
   3.5544413e+00  -2.7128156e-01   1.2754589e-01
   3.5100343e+00   8.8364432e-02  -1.5940267e-01
   3.6029648e+00   3.5261056e-02   1.4220932e-01
   3.6054787e+00   4.3160724e-01   2.3142520e-03
   3.1852260e+00   1.1607163e+00   1.9181346e-01
   2.7882716e+00   2.0612631e+00  -1.8687512e-01
   2.4264335e+00   2.4398471e+00   6.6447881e-02
   2.0339871e+00   2.8149624e+00   1.0625389e-01
   1.6111136e+00   3.1718866e+00  -3.2121041e-02
   1.3321460e+00   3.1985407e+00   4.3296546e-02
   9.3503465e-01   3.2247376e+00  -2.3506711e-02
   6.0142546e-01   3.4716127e+00   2.4645024e-02
   2.3756907e-01   3.6902393e+00   3.7549055e-02
  -4.4703232e-02   3.5427496e+00   1.1117292e-02
   7.9561918e-02   3.4938438e+00   4.6637979e-02
  -9.8630037e-02   3.6052563e+00   8.6332401e-02
   1.6821036e-01   3.3605517e+00  -8.8137081e-02
   3.5332125e-01   3.4864211e+00   8.3275510e-02
   4.1962093e-01   3.4669652e+00   1.5779685e-01
   8.8671472e-01   3.5808242e+00   6.6362310e-02
   1.1984755e+00   3.2970226e+00   4.7637665e-02
   1.7279229e+00   2.9695220e+00  -5.6069652e-02
   2.0039857e+00   2.6691153e+00   7.1517059e-02
   2.3974740e+00   2.2785654e+00   7.7818928e-02
   2.9639127e+00   1.8795369e+00   2.2693345e-02
   3.2411213e+00   1.4567631e+00   1.0688658e-02
   3.3791876e+00   6.6580367e-01  -4.2454278e-02
   3.4886629e+00  -1.2052104e-03   2.5582980e-01
   3.3273868e+00  -7.0624895e-01   8.5722379e-02
   3.2110316e+00  -1.3174784e+00   7.5159797e-02
   2.9683584e+00  -2.0863023e+00  -4.3566732e-02
   2.6261484e+00  -2.4257182e+00  -1.2343549e-01
   2.0921022e+00  -2.8771388e+00  -1.5833972e-01
   1.6351063e+00  -2.8556285e+00  -6.4611945e-02
   1.2055628e+00  -3.3539748e+00  -8.4131879e-04
   7.7185367e-01  -3.3952920e+00   6.6245013e-02
   4.7888009e-01  -3.3895340e+00  -1.1274833e-02
   4.6686597e-01  -3.4762572e+00   8.6734320e-02
   4.9167804e-02  -3.4784345e+00   6.6604926e-02
   1.6843583e-01  -3.5813180e+00  -3.1353732e-02
   1.2355054e-01  -3.4471165e+00  -7.4239962e-02
  -1.2557084e-01  -3.3690000e+00  -2.6399475e-02
   2.8671943e-01  -3.4167004e+00   3.0231981e-02
   6.2457320e-01  -3.2838958e+00   3.8396924e-02
   6.7586940e-01  -3.5061015e+00  -1.0642166e-01
   1.3398273e+00  -3.2411493e+00  -8.2199658e-02
   1.8875330e+00  -3.1242423e+00  -1.1505015e-01
   2.1455885e+00  -2.7124504e+00  -4.6543416e-02
   2.4603210e+00  -2.4720590e+00  -5.9663220e-02
   2.9129758e+00  -1.7799406e+00  -2.5674246e-02
   3.1599698e+00  -1.3695239e+00   5.6631050e-02
   3.5953352e+00  -6.4470965e-01   4.3448662e-02
   3.6016340e+00  -5.4492038e-02   2.9601435e-02
