   0.0000000e+00   0.0000000e+00   0.0000000e+00
   1.9687298e-01   9.8436491e-02   9.8436491e-02
   3.9064116e-01   1.9532058e-01   1.9532058e-01
   5.7824870e-01   2.8912435e-01   2.8912435e-01
   7.5673690e-01   3.7836845e-01   3.7836845e-01
   9.2329092e-01   4.6164546e-01   4.6164546e-01
   1.0752841e+00   5.3764204e-01   5.3764204e-01
   1.2103194e+00   6.0515969e-01   6.0515969e-01
   1.3262672e+00   6.6313360e-01   6.6313360e-01
   1.4212990e+00   7.1064951e-01   7.1064951e-01
   1.4939161e+00   7.4695804e-01   7.4695804e-01
   1.5429732e+00   7.7148660e-01   7.7148660e-01
   1.5676967e+00   7.8384836e-01   7.8384836e-01
   1.5676967e+00   7.8384836e-01   7.8384836e-01
   1.5429732e+00   7.7148660e-01   7.7148660e-01
   1.4939161e+00   7.4695804e-01   7.4695804e-01
   1.4212990e+00   7.1064951e-01   7.1064951e-01
   1.3262672e+00   6.6313360e-01   6.6313360e-01
   1.2103194e+00   6.0515969e-01   6.0515969e-01
   1.0752841e+00   5.3764204e-01   5.3764204e-01
   9.2329092e-01   4.6164546e-01   4.6164546e-01
   7.5673690e-01   3.7836845e-01   3.7836845e-01
   5.7824870e-01   2.8912435e-01   2.8912435e-01
   3.9064116e-01   1.9532058e-01   1.9532058e-01
   1.9687298e-01   9.8436491e-02   9.8436491e-02
   1.9236707e-16   9.6183535e-17   9.6183535e-17
  -1.9687298e-01  -9.8436491e-02  -9.8436491e-02
  -3.9064116e-01  -1.9532058e-01  -1.9532058e-01
  -5.7824870e-01  -2.8912435e-01  -2.8912435e-01
  -7.5673690e-01  -3.7836845e-01  -3.7836845e-01
  -9.2329092e-01  -4.6164546e-01  -4.6164546e-01
  -1.0752841e+00  -5.3764204e-01  -5.3764204e-01
  -1.2103194e+00  -6.0515969e-01  -6.0515969e-01
  -1.3262672e+00  -6.6313360e-01  -6.6313360e-01
  -1.4212990e+00  -7.1064951e-01  -7.1064951e-01
  -1.4939161e+00  -7.4695804e-01  -7.4695804e-01
  -1.5429732e+00  -7.7148660e-01  -7.7148660e-01
  -1.5676967e+00  -7.8384836e-01  -7.8384836e-01
  -1.5676967e+00  -7.8384836e-01  -7.8384836e-01
  -1.5429732e+00  -7.7148660e-01  -7.7148660e-01
  -1.4939161e+00  -7.4695804e-01  -7.4695804e-01
  -1.4212990e+00  -7.1064951e-01  -7.1064951e-01
  -1.3262672e+00  -6.6313360e-01  -6.6313360e-01
  -1.2103194e+00  -6.0515969e-01  -6.0515969e-01
  -1.0752841e+00  -5.3764204e-01  -5.3764204e-01
  -9.2329092e-01  -4.6164546e-01  -4.6164546e-01
  -7.5673690e-01  -3.7836845e-01  -3.7836845e-01
  -5.7824870e-01  -2.8912435e-01  -2.8912435e-01
  -3.9064116e-01  -1.9532058e-01  -1.9532058e-01
  -1.9687298e-01  -9.8436491e-02  -9.8436491e-02
  -3.8473414e-16  -1.9236707e-16  -1.9236707e-16
   0.0000000e+00   0.0000000e+00   0.0000000e+00
   0.0000000e+00   9.8436491e-02   9.8436491e-02
   0.0000000e+00   1.9532058e-01   1.9532058e-01
   0.0000000e+00   2.8912435e-01   2.8912435e-01
   0.0000000e+00   3.7836845e-01   3.7836845e-01
   0.0000000e+00   4.6164546e-01   4.6164546e-01
   0.0000000e+00   5.3764204e-01   5.3764204e-01
   0.0000000e+00   6.0515969e-01   6.0515969e-01
   0.0000000e+00   6.6313360e-01   6.6313360e-01
   0.0000000e+00   7.1064951e-01   7.1064951e-01
   0.0000000e+00   7.4695804e-01   7.4695804e-01
   0.0000000e+00   7.7148660e-01   7.7148660e-01
   0.0000000e+00   7.8384836e-01   7.8384836e-01
   0.0000000e+00   7.8384836e-01   7.8384836e-01
   0.0000000e+00   7.7148660e-01   7.7148660e-01
   0.0000000e+00   7.4695804e-01   7.4695804e-01
   0.0000000e+00   7.1064951e-01   7.1064951e-01
   0.0000000e+00   6.6313360e-01   6.6313360e-01
   0.0000000e+00   6.0515969e-01   6.0515969e-01
   0.0000000e+00   5.3764204e-01   5.3764204e-01
   0.0000000e+00   4.6164546e-01   4.6164546e-01
   0.0000000e+00   3.7836845e-01   3.7836845e-01
   0.0000000e+00   2.8912435e-01   2.8912435e-01
   0.0000000e+00   1.9532058e-01   1.9532058e-01
   0.0000000e+00   9.8436491e-02   9.8436491e-02
   0.0000000e+00   9.6183535e-17   9.6183535e-17
  -0.0000000e+00  -9.8436491e-02  -9.8436491e-02
  -0.0000000e+00  -1.9532058e-01  -1.9532058e-01
  -0.0000000e+00  -2.8912435e-01  -2.8912435e-01
  -0.0000000e+00  -3.7836845e-01  -3.7836845e-01
  -0.0000000e+00  -4.6164546e-01  -4.6164546e-01
  -0.0000000e+00  -5.3764204e-01  -5.3764204e-01
  -0.0000000e+00  -6.0515969e-01  -6.0515969e-01
  -0.0000000e+00  -6.6313360e-01  -6.6313360e-01
  -0.0000000e+00  -7.1064951e-01  -7.1064951e-01
  -0.0000000e+00  -7.4695804e-01  -7.4695804e-01
  -0.0000000e+00  -7.7148660e-01  -7.7148660e-01
  -0.0000000e+00  -7.8384836e-01  -7.8384836e-01
  -0.0000000e+00  -7.8384836e-01  -7.8384836e-01
  -0.0000000e+00  -7.7148660e-01  -7.7148660e-01
  -0.0000000e+00  -7.4695804e-01  -7.4695804e-01
  -0.0000000e+00  -7.1064951e-01  -7.1064951e-01
  -0.0000000e+00  -6.6313360e-01  -6.6313360e-01
  -0.0000000e+00  -6.0515969e-01  -6.0515969e-01
  -0.0000000e+00  -5.3764204e-01  -5.3764204e-01
  -0.0000000e+00  -4.6164546e-01  -4.6164546e-01
  -0.0000000e+00  -3.7836845e-01  -3.7836845e-01
  -0.0000000e+00  -2.8912435e-01  -2.8912435e-01
  -0.0000000e+00  -1.9532058e-01  -1.9532058e-01
  -0.0000000e+00  -9.8436491e-02  -9.8436491e-02
  -0.0000000e+00  -1.9236707e-16  -1.9236707e-16
   0.0000000e+00   0.0000000e+00   0.0000000e+00
   1.9687298e-01   0.0000000e+00   9.8436491e-02
   3.9064116e-01   0.0000000e+00   1.9532058e-01
   5.7824870e-01   0.0000000e+00   2.8912435e-01
   7.5673690e-01   0.0000000e+00   3.7836845e-01
   9.2329092e-01   0.0000000e+00   4.6164546e-01
   1.0752841e+00   0.0000000e+00   5.3764204e-01
   1.2103194e+00   0.0000000e+00   6.0515969e-01
   1.3262672e+00   0.0000000e+00   6.6313360e-01
   1.4212990e+00   0.0000000e+00   7.1064951e-01
   1.4939161e+00   0.0000000e+00   7.4695804e-01
   1.5429732e+00   0.0000000e+00   7.7148660e-01
   1.5676967e+00   0.0000000e+00   7.8384836e-01
   1.5676967e+00   0.0000000e+00   7.8384836e-01
   1.5429732e+00   0.0000000e+00   7.7148660e-01
   1.4939161e+00   0.0000000e+00   7.4695804e-01
   1.4212990e+00   0.0000000e+00   7.1064951e-01
   1.3262672e+00   0.0000000e+00   6.6313360e-01
   1.2103194e+00   0.0000000e+00   6.0515969e-01
   1.0752841e+00   0.0000000e+00   5.3764204e-01
   9.2329092e-01   0.0000000e+00   4.6164546e-01
   7.5673690e-01   0.0000000e+00   3.7836845e-01
   5.7824870e-01   0.0000000e+00   2.8912435e-01
   3.9064116e-01   0.0000000e+00   1.9532058e-01
   1.9687298e-01   0.0000000e+00   9.8436491e-02
   1.9236707e-16   0.0000000e+00   9.6183535e-17
  -1.9687298e-01  -0.0000000e+00  -9.8436491e-02
  -3.9064116e-01  -0.0000000e+00  -1.9532058e-01
  -5.7824870e-01  -0.0000000e+00  -2.8912435e-01
  -7.5673690e-01  -0.0000000e+00  -3.7836845e-01
  -9.2329092e-01  -0.0000000e+00  -4.6164546e-01
  -1.0752841e+00  -0.0000000e+00  -5.3764204e-01
  -1.2103194e+00  -0.0000000e+00  -6.0515969e-01
  -1.3262672e+00  -0.0000000e+00  -6.6313360e-01
  -1.4212990e+00  -0.0000000e+00  -7.1064951e-01
  -1.4939161e+00  -0.0000000e+00  -7.4695804e-01
  -1.5429732e+00  -0.0000000e+00  -7.7148660e-01
  -1.5676967e+00  -0.0000000e+00  -7.8384836e-01
  -1.5676967e+00  -0.0000000e+00  -7.8384836e-01
  -1.5429732e+00  -0.0000000e+00  -7.7148660e-01
  -1.4939161e+00  -0.0000000e+00  -7.4695804e-01
  -1.4212990e+00  -0.0000000e+00  -7.1064951e-01
  -1.3262672e+00  -0.0000000e+00  -6.6313360e-01
  -1.2103194e+00  -0.0000000e+00  -6.0515969e-01
  -1.0752841e+00  -0.0000000e+00  -5.3764204e-01
  -9.2329092e-01  -0.0000000e+00  -4.6164546e-01
  -7.5673690e-01  -0.0000000e+00  -3.7836845e-01
  -5.7824870e-01  -0.0000000e+00  -2.8912435e-01
  -3.9064116e-01  -0.0000000e+00  -1.9532058e-01
  -1.9687298e-01  -0.0000000e+00  -9.8436491e-02
  -3.8473414e-16  -0.0000000e+00  -1.9236707e-16
   0.0000000e+00   0.0000000e+00   0.0000000e+00
   0.0000000e+00   0.0000000e+00   9.8436491e-02
   0.0000000e+00   0.0000000e+00   1.9532058e-01
   0.0000000e+00   0.0000000e+00   2.8912435e-01
   0.0000000e+00   0.0000000e+00   3.7836845e-01
   0.0000000e+00   0.0000000e+00   4.6164546e-01
   0.0000000e+00   0.0000000e+00   5.3764204e-01
   0.0000000e+00   0.0000000e+00   6.0515969e-01
   0.0000000e+00   0.0000000e+00   6.6313360e-01
   0.0000000e+00   0.0000000e+00   7.1064951e-01
   0.0000000e+00   0.0000000e+00   7.4695804e-01
   0.0000000e+00   0.0000000e+00   7.7148660e-01
   0.0000000e+00   0.0000000e+00   7.8384836e-01
   0.0000000e+00   0.0000000e+00   7.8384836e-01
   0.0000000e+00   0.0000000e+00   7.7148660e-01
   0.0000000e+00   0.0000000e+00   7.4695804e-01
   0.0000000e+00   0.0000000e+00   7.1064951e-01
   0.0000000e+00   0.0000000e+00   6.6313360e-01
   0.0000000e+00   0.0000000e+00   6.0515969e-01
   0.0000000e+00   0.0000000e+00   5.3764204e-01
   0.0000000e+00   0.0000000e+00   4.6164546e-01
   0.0000000e+00   0.0000000e+00   3.7836845e-01
   0.0000000e+00   0.0000000e+00   2.8912435e-01
   0.0000000e+00   0.0000000e+00   1.9532058e-01
   0.0000000e+00   0.0000000e+00   9.8436491e-02
   0.0000000e+00   0.0000000e+00   9.6183535e-17
  -0.0000000e+00  -0.0000000e+00  -9.8436491e-02
  -0.0000000e+00  -0.0000000e+00  -1.9532058e-01
  -0.0000000e+00  -0.0000000e+00  -2.8912435e-01
  -0.0000000e+00  -0.0000000e+00  -3.7836845e-01
  -0.0000000e+00  -0.0000000e+00  -4.6164546e-01
  -0.0000000e+00  -0.0000000e+00  -5.3764204e-01
  -0.0000000e+00  -0.0000000e+00  -6.0515969e-01
  -0.0000000e+00  -0.0000000e+00  -6.6313360e-01
  -0.0000000e+00  -0.0000000e+00  -7.1064951e-01
  -0.0000000e+00  -0.0000000e+00  -7.4695804e-01
  -0.0000000e+00  -0.0000000e+00  -7.7148660e-01
  -0.0000000e+00  -0.0000000e+00  -7.8384836e-01
  -0.0000000e+00  -0.0000000e+00  -7.8384836e-01
  -0.0000000e+00  -0.0000000e+00  -7.7148660e-01
  -0.0000000e+00  -0.0000000e+00  -7.4695804e-01
  -0.0000000e+00  -0.0000000e+00  -7.1064951e-01
  -0.0000000e+00  -0.0000000e+00  -6.6313360e-01
  -0.0000000e+00  -0.0000000e+00  -6.0515969e-01
  -0.0000000e+00  -0.0000000e+00  -5.3764204e-01
  -0.0000000e+00  -0.0000000e+00  -4.6164546e-01
  -0.0000000e+00  -0.0000000e+00  -3.7836845e-01
  -0.0000000e+00  -0.0000000e+00  -2.8912435e-01
  -0.0000000e+00  -0.0000000e+00  -1.9532058e-01
  -0.0000000e+00  -0.0000000e+00  -9.8436491e-02
  -0.0000000e+00  -0.0000000e+00  -1.9236707e-16
   0.0000000e+00   0.0000000e+00   0.0000000e+00
   1.9687298e-01   9.8436491e-02   0.0000000e+00
   3.9064116e-01   1.9532058e-01   0.0000000e+00
   5.7824870e-01   2.8912435e-01   0.0000000e+00
   7.5673690e-01   3.7836845e-01   0.0000000e+00
   9.2329092e-01   4.6164546e-01   0.0000000e+00
   1.0752841e+00   5.3764204e-01   0.0000000e+00
   1.2103194e+00   6.0515969e-01   0.0000000e+00
   1.3262672e+00   6.6313360e-01   0.0000000e+00
   1.4212990e+00   7.1064951e-01   0.0000000e+00
   1.4939161e+00   7.4695804e-01   0.0000000e+00
   1.5429732e+00   7.7148660e-01   0.0000000e+00
   1.5676967e+00   7.8384836e-01   0.0000000e+00
   1.5676967e+00   7.8384836e-01   0.0000000e+00
   1.5429732e+00   7.7148660e-01   0.0000000e+00
   1.4939161e+00   7.4695804e-01   0.0000000e+00
   1.4212990e+00   7.1064951e-01   0.0000000e+00
   1.3262672e+00   6.6313360e-01   0.0000000e+00
   1.2103194e+00   6.0515969e-01   0.0000000e+00
   1.0752841e+00   5.3764204e-01   0.0000000e+00
   9.2329092e-01   4.6164546e-01   0.0000000e+00
   7.5673690e-01   3.7836845e-01   0.0000000e+00
   5.7824870e-01   2.8912435e-01   0.0000000e+00
   3.9064116e-01   1.9532058e-01   0.0000000e+00
   1.9687298e-01   9.8436491e-02   0.0000000e+00
   1.9236707e-16   9.6183535e-17   0.0000000e+00
  -1.9687298e-01  -9.8436491e-02  -0.0000000e+00
  -3.9064116e-01  -1.9532058e-01  -0.0000000e+00
  -5.7824870e-01  -2.8912435e-01  -0.0000000e+00
  -7.5673690e-01  -3.7836845e-01  -0.0000000e+00
  -9.2329092e-01  -4.6164546e-01  -0.0000000e+00
  -1.0752841e+00  -5.3764204e-01  -0.0000000e+00
  -1.2103194e+00  -6.0515969e-01  -0.0000000e+00
  -1.3262672e+00  -6.6313360e-01  -0.0000000e+00
  -1.4212990e+00  -7.1064951e-01  -0.0000000e+00
  -1.4939161e+00  -7.4695804e-01  -0.0000000e+00
  -1.5429732e+00  -7.7148660e-01  -0.0000000e+00
  -1.5676967e+00  -7.8384836e-01  -0.0000000e+00
  -1.5676967e+00  -7.8384836e-01  -0.0000000e+00
  -1.5429732e+00  -7.7148660e-01  -0.0000000e+00
  -1.4939161e+00  -7.4695804e-01  -0.0000000e+00
  -1.4212990e+00  -7.1064951e-01  -0.0000000e+00
  -1.3262672e+00  -6.6313360e-01  -0.0000000e+00
  -1.2103194e+00  -6.0515969e-01  -0.0000000e+00
  -1.0752841e+00  -5.3764204e-01  -0.0000000e+00
  -9.2329092e-01  -4.6164546e-01  -0.0000000e+00
  -7.5673690e-01  -3.7836845e-01  -0.0000000e+00
  -5.7824870e-01  -2.8912435e-01  -0.0000000e+00
  -3.9064116e-01  -1.9532058e-01  -0.0000000e+00
  -1.9687298e-01  -9.8436491e-02  -0.0000000e+00
  -3.8473414e-16  -1.9236707e-16  -0.0000000e+00
   0.0000000e+00   0.0000000e+00   0.0000000e+00
   0.0000000e+00   9.8436491e-02   0.0000000e+00
   0.0000000e+00   1.9532058e-01   0.0000000e+00
   0.0000000e+00   2.8912435e-01   0.0000000e+00
   0.0000000e+00   3.7836845e-01   0.0000000e+00
   0.0000000e+00   4.6164546e-01   0.0000000e+00
   0.0000000e+00   5.3764204e-01   0.0000000e+00
   0.0000000e+00   6.0515969e-01   0.0000000e+00
   0.0000000e+00   6.6313360e-01   0.0000000e+00
   0.0000000e+00   7.1064951e-01   0.0000000e+00
   0.0000000e+00   7.4695804e-01   0.0000000e+00
   0.0000000e+00   7.7148660e-01   0.0000000e+00
   0.0000000e+00   7.8384836e-01   0.0000000e+00
   0.0000000e+00   7.8384836e-01   0.0000000e+00
   0.0000000e+00   7.7148660e-01   0.0000000e+00
   0.0000000e+00   7.4695804e-01   0.0000000e+00
   0.0000000e+00   7.1064951e-01   0.0000000e+00
   0.0000000e+00   6.6313360e-01   0.0000000e+00
   0.0000000e+00   6.0515969e-01   0.0000000e+00
   0.0000000e+00   5.3764204e-01   0.0000000e+00
   0.0000000e+00   4.6164546e-01   0.0000000e+00
   0.0000000e+00   3.7836845e-01   0.0000000e+00
   0.0000000e+00   2.8912435e-01   0.0000000e+00
   0.0000000e+00   1.9532058e-01   0.0000000e+00
   0.0000000e+00   9.8436491e-02   0.0000000e+00
   0.0000000e+00   9.6183535e-17   0.0000000e+00
  -0.0000000e+00  -9.8436491e-02  -0.0000000e+00
  -0.0000000e+00  -1.9532058e-01  -0.0000000e+00
  -0.0000000e+00  -2.8912435e-01  -0.0000000e+00
  -0.0000000e+00  -3.7836845e-01  -0.0000000e+00
  -0.0000000e+00  -4.6164546e-01  -0.0000000e+00
  -0.0000000e+00  -5.3764204e-01  -0.0000000e+00
  -0.0000000e+00  -6.0515969e-01  -0.0000000e+00
  -0.0000000e+00  -6.6313360e-01  -0.0000000e+00
  -0.0000000e+00  -7.1064951e-01  -0.0000000e+00
  -0.0000000e+00  -7.4695804e-01  -0.0000000e+00
  -0.0000000e+00  -7.7148660e-01  -0.0000000e+00
  -0.0000000e+00  -7.8384836e-01  -0.0000000e+00
  -0.0000000e+00  -7.8384836e-01  -0.0000000e+00
  -0.0000000e+00  -7.7148660e-01  -0.0000000e+00
  -0.0000000e+00  -7.4695804e-01  -0.0000000e+00
  -0.0000000e+00  -7.1064951e-01  -0.0000000e+00
  -0.0000000e+00  -6.6313360e-01  -0.0000000e+00
  -0.0000000e+00  -6.0515969e-01  -0.0000000e+00
  -0.0000000e+00  -5.3764204e-01  -0.0000000e+00
  -0.0000000e+00  -4.6164546e-01  -0.0000000e+00
  -0.0000000e+00  -3.7836845e-01  -0.0000000e+00
  -0.0000000e+00  -2.8912435e-01  -0.0000000e+00
  -0.0000000e+00  -1.9532058e-01  -0.0000000e+00
  -0.0000000e+00  -9.8436491e-02  -0.0000000e+00
  -0.0000000e+00  -1.9236707e-16  -0.0000000e+00
   0.0000000e+00   0.0000000e+00   0.0000000e+00
   1.9687298e-01   0.0000000e+00   0.0000000e+00
   3.9064116e-01   0.0000000e+00   0.0000000e+00
   5.7824870e-01   0.0000000e+00   0.0000000e+00
   7.5673690e-01   0.0000000e+00   0.0000000e+00
   9.2329092e-01   0.0000000e+00   0.0000000e+00
   1.0752841e+00   0.0000000e+00   0.0000000e+00
   1.2103194e+00   0.0000000e+00   0.0000000e+00
   1.3262672e+00   0.0000000e+00   0.0000000e+00
   1.4212990e+00   0.0000000e+00   0.0000000e+00
   1.4939161e+00   0.0000000e+00   0.0000000e+00
   1.5429732e+00   0.0000000e+00   0.0000000e+00
   1.5676967e+00   0.0000000e+00   0.0000000e+00
   1.5676967e+00   0.0000000e+00   0.0000000e+00
   1.5429732e+00   0.0000000e+00   0.0000000e+00
   1.4939161e+00   0.0000000e+00   0.0000000e+00
   1.4212990e+00   0.0000000e+00   0.0000000e+00
   1.3262672e+00   0.0000000e+00   0.0000000e+00
   1.2103194e+00   0.0000000e+00   0.0000000e+00
   1.0752841e+00   0.0000000e+00   0.0000000e+00
   9.2329092e-01   0.0000000e+00   0.0000000e+00
   7.5673690e-01   0.0000000e+00   0.0000000e+00
   5.7824870e-01   0.0000000e+00   0.0000000e+00
   3.9064116e-01   0.0000000e+00   0.0000000e+00
   1.9687298e-01   0.0000000e+00   0.0000000e+00
   1.9236707e-16   0.0000000e+00   0.0000000e+00
  -1.9687298e-01  -0.0000000e+00  -0.0000000e+00
  -3.9064116e-01  -0.0000000e+00  -0.0000000e+00
  -5.7824870e-01  -0.0000000e+00  -0.0000000e+00
  -7.5673690e-01  -0.0000000e+00  -0.0000000e+00
  -9.2329092e-01  -0.0000000e+00  -0.0000000e+00
  -1.0752841e+00  -0.0000000e+00  -0.0000000e+00
  -1.2103194e+00  -0.0000000e+00  -0.0000000e+00
  -1.3262672e+00  -0.0000000e+00  -0.0000000e+00
  -1.4212990e+00  -0.0000000e+00  -0.0000000e+00
  -1.4939161e+00  -0.0000000e+00  -0.0000000e+00
  -1.5429732e+00  -0.0000000e+00  -0.0000000e+00
  -1.5676967e+00  -0.0000000e+00  -0.0000000e+00
  -1.5676967e+00  -0.0000000e+00  -0.0000000e+00
  -1.5429732e+00  -0.0000000e+00  -0.0000000e+00
  -1.4939161e+00  -0.0000000e+00  -0.0000000e+00
  -1.4212990e+00  -0.0000000e+00  -0.0000000e+00
  -1.3262672e+00  -0.0000000e+00  -0.0000000e+00
  -1.2103194e+00  -0.0000000e+00  -0.0000000e+00
  -1.0752841e+00  -0.0000000e+00  -0.0000000e+00
  -9.2329092e-01  -0.0000000e+00  -0.0000000e+00
  -7.5673690e-01  -0.0000000e+00  -0.0000000e+00
  -5.7824870e-01  -0.0000000e+00  -0.0000000e+00
  -3.9064116e-01  -0.0000000e+00  -0.0000000e+00
  -1.9687298e-01  -0.0000000e+00  -0.0000000e+00
  -3.8473414e-16  -0.0000000e+00  -0.0000000e+00
